ID: 1    | Inspector: John                 | Category: 1            | Severity: 1 | 2026-04-17 15:47
         GPS: 1.000000, 1.000000
         Desc: 1

ID: 2    | Inspector: John                 | Category: 1            | Severity: 1 | 2026-04-17 15:47
         GPS: 1.000000, 1.000000
         Desc: 1

ID: 3    | Inspector: Maria                | Category: 1            | Severity: 1 | 2026-04-17 15:47
         GPS: 1.000000, 1.000000
         Desc: 1

3 record(s) matched.
